
image: /home/grace/Downloads/edit.pgm
resolution: 0.06500 #0.0500
origin: [-10.000000, -32.400000, 0.000000]
negate: 0
occupied_thresh: 0.65
free_thresh: 0.196

